020101003801202507
020101012701202507
020101012709202507
020101013501202507
020101013509202507
020101014301202507
020101014307202507
020101014309202507
020101016001202507
020101016009202507
020101020801202507
020101020809202507
020101024001202507
020101024007202507
020101024009202507
020101025901202507
020101026701202507
020101026707202507
020101026709202507
020101027503202507
020101027507202507
020101027509202507
020101030501202507
020101030507202507
020101030509202507
020101031301202507
020101031307202507
020101031309202507
020101032101202507
020101032107202507
020101032109202507
020101033001202507
020101033007202507
020101033009202507
020101040201202507
020101040207202507
020101040209202507
020101053401202507
020101053409202507
020101055001202507
020101055009202507
020904003301202507
020904003307202507
020904003309202507
020904005001202507
020904005007202507
020904005009202507
021105009101202507
021105010503202507
021105010507202507
021105010509202507
021105014801202507
030106001003202507
030106001007202507
030106007001202507
030106007003202507
030106007007202507
030106007009202507
030106008803202507
030109001703202507
030109001709202507
030109001713202507
030109002503202507
030109002509202507
030109002513202507
030116002303202507
030116002307202507
030301001003202507
030301001007202507
030301002903202507
030301002907202507
030301003703202507
030301003707202507
030301004503202507
030301004507202507
030301005303202507
030301005307202507
030301006103202507
030301006107202507
030301007003202507
030301007007202507
030301008803202507
030301008807202507
030301009603202507
030301009607202507
030301010003202507
030301010007202507
030301011803202507
030301011807202507
030301012603202507
030301012607202507
030301013403202507
030301013407202507
030301014203202507
030301014207202507
030301015003202507
030301015007202507
030301016903202507
030301016907202507
030301017703202507
030301017707202507
030301018503202507
030301018507202507
030301019303202507
030301019307202507
030301020703202507
030301020707202507
030301021503202507
030301021506202507
030301021507202507
030302003203202507
030302003207202507
030302004003202507
030302004007202507
030302005903202507
030302005907202507
030302006703202507
030302006707202507
030302007503202507
030302007507202507
030302008303202507
030302008307202507
030303001107202507
030303001111202507
030303002003202507
030303002007202507
030303003803202507
030303003807202507
030303004603202507
030303004607202507
030303005403202507
030303005407202507
030303006203202507
030303006207202507
030304001703202507
030304001707202507
030304002503202507
030304002507202507
030304003303202507
030304003307202507
030304004103202507
030304004107202507
030304005003202507
030304005007202507
030304006803202507
030304006807202507
030304007603202507
030304007607202507
030304008401202507
030304008403202507
030304008407202507
030304009201202507
030304009203202507
030304009207202507
030304010603202507
030304010607202507
030304011401202507
030304011403202507
030304011407202507
030304012201202507
030304012203202507
030304012207202507
030304013003202507
030304013007202507
030304014903202507
030304014907202507
030304015703202507
030304015707202507
030304016503202507
030304016507202507
030304017303202507
030304017307202507
030304018103202507
030304019003202507
030304019007202507
030304020303202507
030304020307202507
030304021103202507
030304021107202507
030304022003202507
030304022007202507
030304023803202507
030304023807202507
030304024603202507
030304024607202507
030304025403202507
030304025407202507
030304026203202507
030304026207202507
030304027003202507
030304027007202507
030304028903202507
030304029703202507
030304029707202507
030304030003202507
030305013603202507
030305013607202507
030305014403202507
030305014407202507
030306001803202507
030306001807202507
030306002603202507
030306002607202507
030306003403202507
030306003407202507
030306004203202507
030306004207202507
030306005003202507
030306005007202507
030306006903202507
030306006907202507
030306007703202507
030306007707202507
030306008503202507
030306008507202507
030306009303202507
030306009307202507
030306010703202507
030306010707202507
030306011503202507
030306011507202507
030306012303202507
030306012307202507
030306013103202507
030306013107202507
030306014003202507
030306014007202507
030306015803202507
030306015807202507
030306016603202507
030306016607202507
030306017403202507
030306017407202507
030306018203202507
030306018207202507
030306019003202507
030306019007202507
030306020403202507
030306020407202507
030306021203202507
030306021207202507
030306022001202507
030306022003202507
030306022007202507
030306023903202507
030306023907202507
030306024703202507
030306024707202507
030306025503202507
030306025507202507
030306026303202507
030306026307202507
030306027103202507
030306027107202507
030306028003202507
030306028007202507
030306029803202507
030306029807202507
030306030103202507
030306030107202507
030307006403202507
030307006407202507
030307007203202507
030307007207202507
030307008003202507
030307008007202507
030307009903202507
030307009907202507
030307010203202507
030307010207202507
030307011003202507
030307011007202507
030307012903202507
030307012907202507
030307013701202507
030308004303202507
030308004307202507
030308005103202507
030308005107202507
030308006003202507
030308006007202507
030308007803202507
030308007807202507
030308008603202507
030308008607202507
030308009403202507
030308009407202507
030309013803202507
030309013807202507
030309013809202507
030309019703202507
030309019707202507
030309019709202507
030309023503202507
030309023507202507
030309023509202507
030309031603202507
030309031607202507
030310001002202507
030310001003202507
030310001007202507
030310002802202507
030310002803202507
030310002807202507
030310003602202507
030310003603202507
030310003607202507
030310004402202507
030310004403202507
030310004407202507
030310005202202507
030310005203202507
030310005207202507
030311001503202507
030311001507202507
030311002303202507
030311002307202507
030311003103202507
030311003107202507
030311004003202507
030311004007202507
030311005803202507
030311005807202507
030311006603202507
030311006607202507
030311007403202507
030311007407202507
030311008203202507
030311008207202507
030311009003202507
030311009007202507
030311010403202507
030311010407202507
030311011203202507
030311011207202507
030313001604202507
030313002404202507
030313003204202507
030313004004202507
030313005904202507
030313006704202507
030313007504202507
030313008304202507
030314002003202507
030314002007202507
030314003803202507
030314003807202507
030314004603202507
030314004607202507
030314005403202507
030314005407202507
030314006203202507
030314006207202507
030314007003202507
030314007007202507
030314008903202507
030314008907202507
030314009703202507
030314009707202507
030314010003202507
030314010007202507
030314011903202507
030314011907202507
030314012703202507
030314012707202507
030314013503202507
030314013507202507
030314014303202507
030314014307202507
030314015103202507
030314015107202507
030315001703202507
030315001707202507
030315002503202507
030315002507202507
030315003303202507
030315003307202507
030315004103202507
030315004107202507
030315005003202507
030315005007202507
030315006803202507
030315006807202507
030316001207202507
030316002007202507
030316003907202507
030316004707202507
030316005507202507
030316006307202507
030316007107202507
030317009305202507
030317009307202507
030317010707202507
030317010714202507
030317013102202507
030317013103202507
030317013105202507
030317013107202507
030317013187202507
030317014002202507
030317014003202507
030317014005202507
030317014007202507
030317014087202507
030317015802202507
030317015803202507
030317015805202507
030317015807202507
030317015887202507
030317016602202507
030317016603202507
030317016605202507
030317016607202507
030317016687202507
030317017402202507
030317017403202507
030317017405202507
030317017407202507
030317017487202507
030317018202202507
030317018203202507
030317018205202507
030317018207202507
030317018287202507
030317019005202507
030317019007202507
030317020405202507
030317020407202507
030318001303202507
030318001307202507
030318003003202507
030318003007202507
030318004803202507
030318004807202507
030318005603202507
030318005607202507
030318006403202507
030318006407202507
030318007207202507
030318007210202507
030319001903202507
030319001907202507
030319001908202507
030401011103202507
030401011107202507
030401035903202507
030401035907202507
030401049903202507
030401049907202507
030401059603202507
030401059607202507
030408002003202507
030408002007202507
030408003903202507
030408003907202507
030408003909202507
030408004703202507
030408006303202507
030409001803202507
030409001807202507
030409002603202507
030409002607202507
030409003403202507
030409003407202507
030409004203202507
030409004207202507
030410001303202507
030410001307202507
030410001309202507
030410002103202507
030410002107202507
030501017403202507
030501017407202507
030502001303202507
030502001307202507
030502002103202507
030502002107202507
030502003003202507
030502003007202507
030502004803202507
030502004807202507
030502005603202507
030502005607202507
030701005801202507
030701005803202507
030701005807202507
030701005809202507
030702003701202507
030702003703202507
030702003707202507
030702003709202507
030702004501202507
030702004503202507
030702004507202507
030702004509202507
030702005301202507
030702005303202507
030702005307202507
030702005309202507
030702006101202507
030702006103202507
030702006107202507
030702006109202507
030702008801202507
030702008803202507
030702008807202507
030702008809202507
030702009601202507
030702009603202507
030702009607202507
030702009609202507
030702010001202507
030702010003202507
030702010007202507
030702010009202507
030702011801202507
030702011803202507
030702011807202507
030702011809202507
030703003201202507
030703003203202507
030703003207202507
030703003209202507
030704001101202507
030704001103202507
030704001107202507
030704001109202507
030704006201202507
030704006203202507
030704006207202507
030704006209202507
030704008901202507
030704008903202507
030704008907202507
030704008909202507
030801001901202507
030801001903202507
030801001907202507
030801002703202507
030801002707202507
030801003501202507
030801003503202507
030801003507202507
030801004301202507
030801004303202507
030801004307202507
030802002203202507
030802002207202507
030802003003202507
030802003007202507
030803001003202507
030803001007202507
030803002803202507
030803002807202507
030803003601202507
030803003603202507
030803003607202507
030803003683202507
030804001501202507
030804001503202507
030804001507202507
030804002303202507
030804002307202507
030901003901202507
030901003903202507
030901003907202507
031001003901202507
031001003902202507
031001003903202507
031001004701202507
031001004702202507
031001004703202507
031001005502202507
040102001001202507
040102001007202507
040102001009202507
040102002901202507
040102002907202507
040102002909202507
040102003701202507
040102003707202507
040102003709202507
040102004501202507
040102004507202507
040102004509202507
040102005301202507
040102005307202507
040102005309202507
040102006101202507
040102006107202507
040102006109202507
040102007001202507
040102007007202507
040102007009202507
040102008801202507
040102008807202507
040102008809202507
040102009601202507
040102009607202507
040102009609202507
040102010001202507
040102010007202507
040102010009202507
040102011801202507
040102011807202507
040102011809202507
040102012601202507
040102012607202507
040102012609202507
040102013401202507
040102013409202507
040102014201202507
040102014207202507
040102014209202507
040102015001202507
040102015007202507
040102015009202507
040102016901202507
040102016907202507
040102016909202507
040201001901202507
040201001907202507
040201002701202507
040201002707202507
040201003501202507
040201003507202507
040201003509202507
040201004301202507
040201004307202507
040201004309202507
040201005101202507
040201005107202507
040202001401202507
040202001407202507
040202002201202507
040202002207202507
040301001201202507
040301001207202507
040301002001202507
040301002007202507
040301003901202507
040301003907202507
040301004701202507
040301004707202507
040301005501202507
040301005507202507
040301006301202507
040301006307202507
040301007101202507
040301007107202507
040301008001202507
040301008007202507
040301008009202507
040301009801202507
040301009807202507
040301010101202507
040301010107202507
040301011001202507
040301011007202507
040301012801202507
040301012807202507
040301013601202507
040301013607202507
040301014401202507
040301014407202507
040301015201202507
040301015207202507
040301016001202507
040301016007202507
040301017901202507
040301017907202507
040301018701202507
040301018707202507
040301019501202507
040301019507202507
040301020901202507
040301020907202507
040301021701202507
040301021707202507
040301022501202507
040301022507202507
040301023301202507
040301023307202507
040301024101202507
040301024107202507
040301025001202507
040301025007202507
040301026801202507
040301026807202507
040301027601202507
040301027607202507
040301028401202507
040301028407202507
040301029201202507
040301029207202507
040301030601202507
040301030607202507
040301031401202507
040301031407202507
040301032201202507
040301032207202507
040301033001202507
040301033007202507
040301034901202507
040301034907202507
040301035701202507
040301035707202507
040301036501202507
040301036507202507
040301039001202507
040301039003202507
040301039007202507
040302001801202507
040302001807202507
040302002601202507
040302002607202507
040302003401202507
040302003407202507
040302004201202507
040302004207202507
040302005001202507
040302005007202507
040302006901202507
040302006907202507
040302007701202507
040302007707202507
040302007709202507
040302008501202507
040302008507202507
040302008509202507
040302009301202507
040302009307202507
040302009309202507
040302010701202507
040302010707202507
040302011501202507
040302011507202507
040302012301202507
040302012307202507
040302012309202507
040302013101202507
040302013107202507
040303001301202507
040303001307202507
040303002101202507
040303002107202507
040303003001202507
040303003007202507
040303004801202507
040303004807202507
040303005601202507
040303005607202507
040303006401202507
040303006407202507
040303008001202507
040303008007202507
040303009901202507
040303009907202507
040303010201202507
040303010207202507
040303011001202507
040303011007202507
040303012901202507
040303012907202507
040303013701202507
040303013707202507
040303014501202507
040303014507202507
040303015301202507
040303015307202507
040303016101202507
040303016107202507
040304001901202507
040304001907202507
040304002701202507
040304002707202507
040304005101202507
040304005107202507
040304006001202507
040304006007202507
040304007801202507
040304007807202507
040304008601202507
040304008607202507
040304009401202507
040304009407202507
040304010801202507
040304010807202507
040304011601202507
040304011607202507
040304012401202507
040304012407202507
040305003001202507
040305003003202507
040305003007202507
040305004901202507
040305004907202507
040305005701202507
040305006501202507
040305006507202507
040305007301202507
040305007307202507
040305009001202507
040305009007202507
040305009009202507
040305010301202507
040305010307202507
040305010309202507
040305011101202507
040305011107202507
040305012001202507
040305012007202507
040305013801202507
040305013807202507
040305014601202507
040305014607202507
040305015401202507
040305015407202507
040305016201202507
040306001001202507
040306001007202507
040306002801202507
040306002807202507
040306003601202507
040306003607202507
040306004401202507
040306004407202507
040306005201202507
040306005207202507
040306006001202507
040306006007202507
040306007901202507
040306007907202507
040306008701202507
040306008707202507
040306009501202507
040306009507202507
040307001501202507
040307004001202507
040307004007202507
040307005801202507
040307005807202507
040307008201202507
040307009001202507
040307010401202507
040307011201202507
040307012001202507
040307013901202507
040307013907202507
040307014701202507
040307014707202507
040307015501202507
040307015507202507
040307016301202507
040307016307202507
040307017101202507
040308001001202507
040308002901202507
040308003701202507
040308004501202507
040308005301202507
040308005307202507
040308006101202507
040308007001202507
040308007007202507
040308008801202507
040308008807202507
040308009601202507
040308009607202507
040308010001202507
040401001601202507
040401001605202507
040401001609202507
040401002401202507
040401002407202507
040401002409202507
040401003201202507
040401003207202507
040401003209202507
040401004001202507
040401004007202507
040401004009202507
040401005901202507
040401005907202507
040401005909202507
040401006701202507
040401006707202507
040401006709202507
040401008301202507
040401008307202507
040401008309202507
040401010501202507
040401010507202507
040401010509202507
040401011301202507
040401011307202507
040401011309202507
040401012101202507
040401012107202507
040401012109202507
040401013001202507
040401013007202507
040401013009202507
040401014801202507
040401014807202507
040401014809202507
040401016401202507
040401016407202507
040401016409202507
040401017201202507
040401017207202507
040401018001202507
040401018007202507
040401019901202507
040401019907202507
040401020201202507
040401020207202507
040401021001202507
040401021007202507
040401021009202507
040401022901202507
040401022907202507
040401022909202507
040401023701202507
040401023707202507
040401023709202507
040401028801202507
040401028807202507
040401028809202507
040401031801202507
040401031807202507
040401031809202507
040401032601202507
040401032607202507
040401032609202507
040401033401202507
040401033407202507
040401033409202507
040401035001202507
040401035007202507
040401035009202507
040401037701202507
040401037707202507
040401037709202507
040401038501202507
040401038507202507
040401038509202507
040401040701202507
040401040707202507
040401040709202507
040401041501202507
040401041507202507
040401041509202507
040401043101202507
040401043107202507
040401045801202507
040401045807202507
040401046601202507
040401046607202507
040401046609202507
040401047401202507
040401047407202507
040401047409202507
040401048201202507
040401048207202507
040401048209202507
040401049001202507
040401049007202507
040401049009202507
040401050401202507
040401050407202507
040401050409202507
040401051201202507
040401051207202507
040401051209202507
040401052001202507
040401052007202507
040401052009202507
040401053901202507
040401053907202507
040401053909202507
040401054701202507
040401054707202507
040401055501202507
040401055507202507
040401055509202507
040401056301202507
040401056309202507
040401057101202507
040401057107202507
040401058001202507
040401058007202507
040401059801202507
040401059807202507
040401060101202507
040401060107202507
040401061001202507
040401061007202507
040401062801202507
040401062807202507
040401063601202507
040401063607202507
040401064401202507
040401064407202507
040401065201202507
040401065207202507
040402001101202507
040402001107202507
040402001109202507
040402003801202507
040402003807202507
040402003809202507
040402004601202507
040402004607202507
040402004609202507
040402006201202507
040402006207202507
040402007001202507
040402007007202507
040402007009202507
040402008901202507
040402008907202507
040402008909202507
040402010001202507
040402010003202507
040402010007202507
040402010009202507
040402011901202507
040402011907202507
040402011909202507
040402013501202507
040402013507202507
040402014301202507
040402014307202507
040402014309202507
040402017801202507
040402017807202507
040402020801202507
040402020807202507
040402020809202507
040402022401202507
040402022407202507
040402023201202507
040402023207202507
040402023209202507
040402024001202507
040402024007202507
040402024009202507
040402027501202507
040402027507202507
040402029101202507
040402029107202507
040402031301202507
040402031307202507
040402031309202507
040402032101202507
040402032107202507
040402032109202507
040402034801202507
040402034807202507
040402034809202507
040402035601202507
040402035607202507
040402035609202507
040402038001202507
040402038007202507
040402039901202507
040402039907202507
040402039909202507
040402042901202507
040402042907202507
040402042909202507
040402045301202507
040402045307202507
040402045309202507
040402046101202507
040402046107202507
040402046109202507
040402047001202507
040402047007202507
040402047009202507
040402048801202507
040402048807202507
040402048809202507
040402049601202507
040402049607202507
040402050001202507
040402050007202507
040402051801202507
040402051807202507
040402051809202507
040402052601202507
040402052607202507
040402053401202507
040402053407202507
040402054201202507
040402054207202507
040402054209202507
040402055001202507
040402055007202507
040402056901202507
040402056907202507
040402056909202507
040402057701202507
040402057707202507
040402057709202507
040402058501202507
040402058507202507
040402059301202507
040402059307202507
040402060701202507
040402060707202507
040402064001202507
040402064007202507
040402064009202507
040402065801202507
040402065807202507
040402065809202507
040402066601202507
040402066607202507
040402066609202507
040402069001202507
040402069007202507
040402070401202507
040402070407202507
040402071201202507
040402071207202507
040402071209202507
040402072001202507
040402072007202507
040402073901202507
040402073907202507
040402077101202507
040402077107202507
040402077109202507
040402078001202507
040402078007202507
040402079801202507
040402079807202507
040402079809202507
040403001701202507
040403001707202507
040403001709202507
040403003301202507
040403003307202507
040403004101202507
040403004107202507
040403004109202507
040403005001202507
040403005007202507
040403005009202507
040403006801202507
040403006807202507
040403006809202507
040403007601202507
040403007607202507
040403007609202507
040403008401202507
040403008407202507
040403008409202507
040403010601202507
040403010607202507
040403010609202507
040403012201202507
040403012207202507
040403012209202507
040403013001202507
040403013007202507
040403013009202507
040403015701202507
040403015707202507
040403015709202507
040403016501202507
040403016507202507
040403016509202507
040403017301202507
040403017307202507
040403017309202507
040403019001202507
040403019007202507
040403019009202507
040403022001202507
040403022007202507
040403022009202507
040403024601202507
040403024607202507
040403024609202507
040403025401202507
040403025407202507
040403025409202507
040403026201202507
040403026207202507
040403026209202507
040403027001202507
040403027007202507
040403027009202507
040403028901202507
040403028907202507
040403029701202507
040403029707202507
040403030001202507
040403030007202507
040403031901202507
040403031907202507
040403031909202507
040403032701202507
040403032707202507
040501001001202507
040501001007202507
040501001009202507
040501002801202507
040501002807202507
040501002809202507
040501003601202507
040501003607202507
040501003609202507
040501007901202507
040501007907202507
040501007909202507
040501008701202507
040501008707202507
040501008709202507
040501011701202507
040501011707202507
040501011709202507
040501012501202507
040501012507202507
040501012509202507
040501013301202507
040501013307202507
040501013309202507
040501015001202507
040501015007202507
040501015009202507
040501017601202507
040501017607202507
040501017609202507
040502001501202507
040502001507202507
040502001509202507
040502002301202507
040502002307202507
040502002309202507
040503001001202507
040503001007202507
040503001009202507
040503002901202507
040503002907202507
040503002909202507
040503007001202507
040503007007202507
040503007009202507
040503009601202507
040503009607202507
040503009609202507
040503011801202507
040503011807202507
040503011809202507
040503013401202507
040503013407202507
040503013409202507
040503014201202507
040503014207202507
040503014209202507
040503016901202507
040503016907202507
040503016909202507
040503017701202507
040503017707202507
040503017709202507
040503018501202507
040503018507202507
040503019301202507
040503019307202507
040503020701202507
040503020707202507
040503020709202507
040504001601202507
040504001607202507
040504001609202507
040504002401202507
040504002407202507
040504002409202507
040504004001202507
040504004007202507
040504004009202507
040504005901202507
040504005907202507
040504005909202507
040504006701202507
040504006707202507
040504006709202507
040504007501202507
040504007507202507
040504007509202507
040504008301202507
040504008307202507
040504008309202507
040504009101202507
040504009107202507
040504009109202507
040504010501202507
040504010507202507
040504010509202507
040504014801202507
040504014807202507
040504014809202507
040504015601202507
040504015607202507
040504015609202507
040504016401202507
040504016407202507
040504016409202507
040504018001202507
040504018007202507
040504020201202507
040504020207202507
040504020209202507
040504021001202507
040504021007202507
040504021009202507
040505001101202507
040505001107202507
040505001109202507
040505004601202507
040505004607202507
040505004609202507
040505005401202507
040505005407202507
040505005409202507
040505009701202507
040505009707202507
040505009709202507
040505010001202507
040505010007202507
040505010009202507
040505011901202507
040505011907202507
040505011909202507
040505013501202507
040505013507202507
040505013509202507
040505014301202507
040505014307202507
040505014309202507
040505015101202507
040505015107202507
040505015109202507
040505018601202507
040505018607202507
040505018609202507
040505021601202507
040505021607202507
040505021609202507
040505022401202507
040505022407202507
040505022409202507
040505023201202507
040505023207202507
040505023209202507
040505031301202507
040505031307202507
040505031309202507
040505032101202507
040505032107202507
040505032109202507
040505035601202507
040505035607202507
040505035609202507
040505037201202507
040505037207202507
040505037209202507
040505038001202507
040505038007202507
040505038009202507
040505039901202507
040505039907202507
040505039909202507
040505040201202507
040505040209202507
040601001301202507
040601001307202507
040601002101202507
040601003001202507
040601004801202507
040601005601202507
040601006401202507
040601007201202507
040601007207202507
040601008001202507
040601009901202507
040601010201202507
040601010207202507
040601011001202507
040601011007202507
040601013701202507
040601013707202507
040601015301202507
040601015307202507
040601016101202507
040601017001202507
040601017007202507
040601018801202507
040601019601202507
040601019607202507
040601020001202507
040601020007202507
040601021801202507
040601021807202507
040601022601202507
040601022607202507
040601023401202507
040601024201202507
040601025001202507
040601025007202507
040601026901202507
040601026907202507
040601027701202507
040601027707202507
040601028501202507
040601028507202507
040601029301202507
040601030701202507
040601031501202507
040601032301202507
040601033101202507
040601033107202507
040601034001202507
040601035801202507
040601036601202507
040601036607202507
040601037401202507
040601037407202507
040601038201202507
040601039001202507
040601039007202507
040601040401202507
040601041201202507
040601041207202507
040601042001202507
040601042007202507
040601043901202507
040601044701202507
040601044707202507
040601045501202507
040601046301202507
040601046307202507
040601047101202507
040601047107202507
040601048001202507
040601049801202507
040601049807202507
040601050101202507
040601051001202507
040601051007202507
040601052801202507
040601052807202507
040601053601202507
040601054401202507
040601055201202507
040601056001202507
040601056007202507
040601056009202507
040601057901202507
040601058701202507
040601058709202507
040601059501202507
040601060901202507
040601061701202507
040601062501202507
040601063301202507
040601063309202507
040601064101202507
040601064107202507
040601064109202507
040601065001202507
040601065009202507
040601066801202507
040601066807202507
040601066809202507
040601067601202507
040601067607202507
040601067609202507
040601068401202507
040601068407202507
040601068409202507
040601069201202507
040601069207202507
040601070601202507
040601071401202507
040601071407202507
040601071409202507
040601073001202507
040601075701202507
040601075707202507
040601076501202507
040601076507202507
040601077301202507
040601077307202507
040601078101202507
040601078107202507
040601079001202507
040601079009202507
040601080301202507
040601080307202507
040601081101202507
040601082001202507
040601082007202507
040601083801202507
040601084601202507
040601085401202507
040601085409202507
040601086201202507
040601086209202507
040601087001202507
040601087009202507
040601088901202507
040601089701202507
040601090001202507
040601090007202507
040601091901202507
040601091907202507
040601091909202507
040601092701202507
040601093501202507
040601094301202507
040601095101202507
040601096001202507
040601096003202507
040601096007202507
040601097801202507
040601097803202507
040601097807202507
040601098601202507
040601099401202507
040601100101202507
040601100109202507
040601101001202507
040601101009202507
040601102801202507
040601102809202507
040601103601202507
040601103609202507
040601104401202507
040601104407202507
040601104409202507
040601105201202507
040601105209202507
040601107901202507
040601108701202507
040601108709202507
040601109501202507
040601109509202507
040601110901202507
040601110909202507
040601111701202507
040601111709202507
040601112501202507
040601112509202507
040601113301202507
040601113307202507
040601113309202507
040601114101202507
040601114109202507
040601115001202507
040601115007202507
040601115009202507
040601116801202507
040601116809202507
040601117601202507
040601117609202507
040601118401202507
040601118409202507
040601119201202507
040601119209202507
040601120601202507
040601121401202507
040601121407202507
040601122201202507
040601122207202507
040601123001202507
040601124901202507
040601125701202507
040601126501202507
040601126507202507
040601127301202507
040601127307202507
040601128101202507
040601128107202507
040601129001202507
040601129007202507
040601130301202507
040601130307202507
040601131101202507
040601131107202507
040601132001202507
040601132007202507
040601133801202507
040601133807202507
040601134601202507
040601134607202507
040601135401202507
040601135407202507
040601136201202507
040601136207202507
040601137001202507
040601137007202507
040601138901202507
040601138907202507
040601139701202507
040601139707202507
040601140001202507
040601140007202507
040601141901202507
040601141907202507
040601142701202507
040601142707202507
040601143501202507
040601143507202507
040601144301202507
040601144307202507
040601145101202507
040601145107202507
040601146001202507
040601146007202507
040601147801202507
040601147807202507
040601148601202507
040601148607202507
040601149401202507
040601149407202507
040601150801202507
040601150807202507
040601151601202507
040601151607202507
040602001901202507
040602001907202507
040602002701202507
040602002707202507
040602003501202507
040602003507202507
040602004301202507
040602004307202507
040602005101202507
040602005107202507
040602007801202507
040602007807202507
040602007809202507
040602010801202507
040602011601202507
040602011607202507
040602011609202507
040602012401202507
040602012407202507
040602015901202507
040602015907202507
040602015909202507
040602016701202507
040602016707202507
040602016709202507
040602019101202507
040602019107202507
040602021301202507
040602022101202507
040602023001202507
040602024801202507
040602024807202507
040602025601202507
040602025607202507
040602026401202507
040602026407202507
040602027201202507
040602027207202507
040602028001202507
040602028007202507
040602030201202507
040602030207202507
040602031001202507
040602031007202507
040602032901202507
040602032907202507
040602033701202507
040602033707202507
040602034501202507
040602034507202507
040602035301202507
040602035307202507
040602036101202507
040602036107202507
040602037001202507
040602037007202507
040602038801202507
040602038807202507
040602039601202507
040602039607202507
040602040001202507
040602040007202507
040602041801202507
040602041807202507
040602042601202507
040602042607202507
040602043401202507
040602043407202507
040602044201202507
040602044207202507
040602045001202507
040602046901202507
040602046907202507
040602047701202507
040602047707202507
040602048501202507
040602048507202507
040602049301202507
040602049307202507
040602050701202507
040602050707202507
040602051501202507
040602051507202507
040602052301202507
040602053101202507
040602053107202507
040602054001202507
040602054007202507
040602055801202507
040602055807202507
040602056601202507
040602056607202507
040602056609202507
040602057401202507
040602057407202507
040602057409202507
040602058201202507
040602058207202507
040602059001202507
040602059007202507
040602060401202507
040602060407202507
040602060409202507
040602062001202507
040602062003202507
040602062007202507
040602062009202507
040603001401202507
040603002201202507
040603003001202507
040603004901202507
040603005701202507
040603005707202507
040603006501202507
040603007301202507
040603008101202507
040603008107202507
040603009001202507
040603009007202507
040603010301202507
040603010307202507
040603011101202507
040603011107202507
040603012001202507
040603012007202507
040603013801202507
040603013807202507
040603014601202507
040603014607202507
040603015401202507
040603015407202507
040603016201202507
040604001001202507
040604001007202507
040604002801202507
040604002807202507
040604004401202507
040604004407202507
040604005201202507
040604005207202507
040604006001202507
040604006007202507
040604007901202507
040604007907202507
040604008701202507
040604009501202507
040604010901202507
040604010907202507
040604011701202507
040604011707202507
040604012501202507
040604012507202507
040604013301202507
040604014101202507
040604014107202507
040604015001202507
040604016801202507
040604017601202507
040604018401202507
040604019201202507
040604019207202507
040604020601202507
040604020607202507
040604020609202507
040604021401202507
040604021407202507
040604022201202507
040604022207202507
040604023001202507
040604023007202507
040604024901202507
040604024907202507
040604025701202507
040604025707202507
040604025709202507
040604026501202507
040604026507202507
040604027301202507
040604027307202507
040604027309202507
040604028101202507
040604029001202507
040604029007202507
040604029009202507
040604030301202507
040604030307202507
040604030309202507
040604031101202507
040604031107202507
040604031109202507
040604032001202507
040604032007202507
040604033801202507
040604033807202507
040605001501202507
040605001507202507
040605001509202507
040605002301202507
040605002307202507
040605002309202507
040605003101202507
040605003107202507
040605003109202507
040605004001202507
040605004007202507
040605004009202507
040605005801202507
040605005807202507
040605005809202507
040605006601202507
040605006607202507
040605006609202507
040605007401202507
040605007407202507
040605007409202507
040605008201202507
040605008207202507
040605008209202507
040605009001202507
040605009007202507
040605010401202507
040605010407202507
040605011201202507
040605012001202507
040605012007202507
040605012009202507
040605013901202507
040605013907202507
040605013909202507
040701001701202507
040701001707202507
040701003301202507
040701003307202507
040701004101202507
040701005001202507
040701005007202507
040701006801202507
040701006807202507
040701007601202507
040701008401202507
040701008407202507
040701009201202507
040701009207202507
040701010601202507
040701010607202507
040701011401202507
040701011407202507
040701012201202507
040701013001202507
040701014901202507
040701015701202507
040701015707202507
040701016501202507
040701016507202507
040701017301202507
040701018101202507
040701019001202507
040701019007202507
040701020301202507
040701020307202507
040701021101202507
040701021107202507
040701021109202507
040701022001202507
040701022007202507
040701022009202507
040701023801202507
040701023807202507
040701027001202507
040701027007202507
040701028901202507
040701029701202507
040701029707202507
040701030001202507
040701033501202507
040701033507202507
040701034301202507
040701034307202507
040701035101202507
040701035107202507
040701036001202507
040701037801202507
040701038601202507
040702001201202507
040702002001202507
040702003901202507
040702003907202507
040702004701202507
040702004707202507
040702006301202507
040702006307202507
040702007101202507
040702007107202507
040702008001202507
040702008007202507
040702009801202507
040702009807202507
040702010101202507
040702010107202507
040702011001202507
040702011007202507
040702011009202507
040702013601202507
040702013607202507
040702013609202507
040702014401202507
040702014407202507
040702014409202507
040702015201202507
040702015207202507
040702017901202507
040702017907202507
040702018701202507
040702018707202507
040702019501202507
040702019507202507
040702020901202507
040702020907202507
040702021701202507
040702021709202507
040702022501202507
040702022507202507
040702022509202507
040702023301202507
040702023307202507
040702024101202507
040702024107202507
040702025001202507
040702025007202507
040702026801202507
040702026807202507
040702026809202507
040702027601202507
040702027607202507
040702027609202507
040702028401202507
040702028407202507
040702028409202507
040702029201202507
040702029207202507
040702030601202507
040702030607202507
040702032201202507
040702032207202507
040702032209202507
040702033001202507
040702034901202507
040702035701202507
040702036501202507
040702036507202507
040702038101202507
040702038107202507
040702040301202507
040702040307202507
040702041101202507
040702041107202507
040702042001202507
040702042007202507
040702043801202507
040702043807202507
040702044601202507
040702044607202507
040702045401202507
040702045407202507
040702045409202507
040702046201202507
040702046207202507
040702047001202507
040702047007202507
040702047009202507
040703001801202507
040703001807202507
040703002601202507
040703002607202507
040703003401202507
040703003407202507
040703003409202507
040703004201202507
040703004207202507
040703005001202507
040703005007202507
040703006901202507
040703006907202507
040703007701202507
040703007707202507
040703007709202507
040703012301202507
040703012307202507
040703013101202507
040703013107202507
040703014001202507
040703014007202507
040703015801202507
040703015807202507
040703016601202507
040703016607202507
040703017401202507
040703017407202507
040703018201202507
040703018207202507
040703019001202507
040703019007202507
040703020401202507
040703021201202507
040703022001202507
040703024701202507
040703025501202507
040703025507202507
040704001301202507
040704001307202507
040704002101202507
040704002107202507
040704003001202507
040704003007202507
040704004801202507
040704004807202507
040704005601202507
040704005607202507
040704006401202507
040704006407202507
040704006409202507
040704007201202507
040704007207202507
040704007209202507
040704008001202507
040704008007202507
040704008009202507
040704009901202507
040704009907202507
040704009909202507
040704010201202507
040704010207202507
040704010209202507
040704011001202507
040704011007202507
040704011009202507
040704012901202507
040704012907202507
040704012909202507
040704013701202507
040704013707202507
040704013709202507
040704014501202507
040704014507202507
040704014509202507
040704015301202507
040704015307202507
040704015309202507
040704016101202507
040704016107202507
040704017001202507
040704017007202507
040704017009202507
040704018801202507
040704018807202507
040704020001202507
040704020007202507
040704022601202507
040704022607202507
040704022609202507
040704023401202507
040704023407202507
040704024201202507
040704024207202507
040704025001202507
040704025007202507
040704026901202507
040704026907202507
040801001001202507
040801001007202507
040801002901202507
040801002907202507
040801003701202507
040801003707202507
040801004501202507
040801005301202507
040801006101202507
040801007001202507
040801007007202507
040801008801202507
040801008807202507
040801009601202507
040801009607202507
040801009609202507
040801010001202507
040801010007202507
040801010009202507
040801011801202507
040801011807202507
040801011809202507
040801013401202507
040801013407202507
040801013409202507
040801014201202507
040801014207202507
040801014209202507
040801015001202507
040801015007202507
040801015009202507
040801016901202507
040801016907202507
040801017701202507
040801017707202507
040801018501202507
040801018507202507
040801018509202507
040801019301202507
040801019307202507
040801020701202507
040801020707202507
040801020709202507
040801021501202507
040801021509202507
040801022301202507
040801022307202507
040801022309202507
040801023101202507
040801023109202507
040802001601202507
040802001607202507
040802002401202507
040802002407202507
040802003201202507
040802003207202507
040802004001202507
040802005901202507
040802006701202507
040802007501202507
040802008301202507
040802009101202507
040802010501202507
040802010507202507
040802010509202507
040802011301202507
040802011307202507
040802012101202507
040802012107202507
040802012109202507
040802013001202507
040802013007202507
040802014801202507
040802014807202507
040802014809202507
040802015601202507
040802015607202507
040802016401202507
040802016407202507
040802016409202507
040802017201202507
040802017207202507
040802017209202507
040802018001202507
040802018007202507
040802018009202507
040802019901202507
040802019907202507
040802019909202507
040802020201202507
040802020207202507
040802020209202507
040802021001202507
040802021007202507
040802022901202507
040802022907202507
040802022909202507
040802024501202507
040802024507202507
040802024509202507
040802025301202507
040802025307202507
040802026101202507
040802026107202507
040802027001202507
040802027007202507
040802028801202507
040802028807202507
040802029601202507
040802029607202507
040802029609202507
040802030001202507
040802030007202507
040802030009202507
040802031801202507
040802031807202507
040802031809202507
040802032601202507
040802032607202507
040802032609202507
040802033401202507
040802033407202507
040802034201202507
040802034207202507
040802034209202507
040802035001202507
040802035007202507
040802036901202507
040802036907202507
040802037701202507
040802037707202507
040802037709202507
040802038501202507
040802038507202507
040802039301202507
040802039307202507
040802040701202507
040802040707202507
040802041501202507
040802041507202507
040802042301202507
040802042307202507
040802043101202507
040802043107202507
040802044001202507
040802044007202507
040802044009202507
040802045801202507
040802045807202507
040802046601202507
040802046607202507
040802047401202507
040802047407202507
040802047409202507
040802048201202507
040802048207202507
040802048209202507
040802049001202507
040802049007202507
040802049009202507
040802050401202507
040802050407202507
040802050409202507
040802051201202507
040802051207202507
040802051209202507
040802052001202507
040802052007202507
040802052009202507
040802053901202507
040802053907202507
040802053909202507
040802054701202507
040802054707202507
040802055501202507
040802055507202507
040802055509202507
040802056301202507
040802056307202507
040802057101202507
040802057107202507
040802058001202507
040802058007202507
040802059801202507
040802059807202507
040802059809202507
040802060101202507
040802060107202507
040802060109202507
040802061001202507
040802061007202507
040802061009202507
040802062801202507
040802062807202507
040802062809202507
040802063601202507
040802063607202507
040802063609202507
040802064401202507
040802064407202507
040802064409202507
040803001101202507
040803001107202507
040803002001202507
040803002007202507
040803003801202507
040803003807202507
040803004601202507
040803005401202507
040803005407202507
040803006201202507
040803006207202507
040803007001202507
040803007007202507
040803008901202507
040803008907202507
040803009701202507
040803009707202507
040803010001202507
040803010007202507
040803011901202507
040803011907202507
040803012701202507
040803012707202507
040803013501202507
040803014301202507
040803015101202507
040803016001202507
040803017801202507
040803017807202507
040803018601202507
040803019401202507
040803020801202507
040803021601202507
040803022401202507
040803023201202507
040803023207202507
040803024001202507
040803024007202507
040803025901202507
040803025907202507
040803026701202507
040803026707202507
040803027501202507
040803027507202507
040803028301202507
040803028307202507
040803029101202507
040803029107202507
040803030501202507
040803030507202507
040803031301202507
040803031307202507
040803032101202507
040803032107202507
040803033001202507
040803033007202507
040803034801202507
040803034807202507
040803035601202507
040803036401202507
040803036407202507
040803037201202507
040803037207202507
040803038001202507
040803038007202507
040803039901202507
040803039907202507
040803040201202507
040803040207202507
040803041001202507
040803041007202507
040803042901202507
040803042907202507
040803043701202507
040803043707202507
040803044501202507
040803044507202507
040803045301202507
040803045307202507
040803046101202507
040803046107202507
040803047001202507
040803047007202507
040803050001202507
040803050007202507
040803051801202507
040803051807202507
040803052601202507
040803052607202507
040803053401202507
040803053407202507
040803054201202507
040803054207202507
040803055001202507
040803055007202507
040803056901202507
040803056907202507
040803057701202507
040803057707202507
040803058501202507
040803058507202507
040803059301202507
040803059307202507
040803060701202507
040803060707202507
040803061501202507
040803061507202507
040803062301202507
040803062307202507
040803063101202507
040803063107202507
040803064001202507
040803064007202507
040803065801202507
040803065807202507
040803066601202507
040803066607202507
040803067401202507
040803067407202507
040803068201202507
040803068207202507
040803069001202507
040803069007202507
040803070401202507
040803071201202507
040803071207202507
040803072001202507
040803072007202507
040803073901202507
040803073907202507
040803074701202507
040803074707202507
040803075501202507
040803075507202507
040803075509202507
040803076301202507
040803076307202507
040803077101202507
040803077107202507
040803078001202507
040803079801202507
040803080101202507
040803080107202507
040803081001202507
040803081007202507
040803082801202507
040803082807202507
040803083601202507
040803083607202507
040803084401202507
040803084407202507
040803085201202507
040803085207202507
040803086001202507
040803086007202507
040803087901202507
040803087907202507
040803088701202507
040803088707202507
040803089501202507
040803089507202507
040803090901202507
040803090907202507
040803091701202507
040803091707202507
040804001701202507
040804001707202507
040804002501202507
040804002507202507
040804003301202507
040804003307202507
040804004101202507
040804004107202507
040804005001202507
040804006801202507
040804007601202507
040804008401202507
040804009201202507
040804010601202507
040804010607202507
040804011401202507
040804011407202507
040804012201202507
040804012207202507
040804013001202507
040804013007202507
040804014901202507
040804014907202507
040804015701202507
040804015707202507
040804016501202507
040804016507202507
040804017301202507
040804017307202507
040804018101202507
040804018107202507
040804018109202507
040804019001202507
040804019007202507
040804019009202507
040804020301202507
040804020307202507
040804022001202507
040804022007202507
040804023801202507
040804023807202507
040804024601202507
040804024607202507
040804025401202507
040804025407202507
040804026201202507
040804026207202507
040804027001202507
040804027007202507
040804028901202507
040804028907202507
040804029701202507
040804029707202507
040804030001202507
040804030007202507
040804031901202507
040804031907202507
040804032701202507
040804032707202507
040804033501202507
040804033507202507
040804034301202507
040804034307202507
040805001201202507
040805001207202507
040805002001202507
040805002007202507
040805003901202507
040805003907202507
040805004701202507
040805004707202507
040805005501202507
040805006301202507
040805007101202507
040805008001202507
040805008007202507
040805010101202507
040805010107202507
040805011001202507
040805011007202507
040805012801202507
040805012807202507
040805013601202507
040805013607202507
040805014401202507
040805014407202507
040805014409202507
040805015201202507
040805015207202507
040805016001202507
040805016007202507
040805016009202507
040805017901202507
040805017907202507
040805019501202507
040805019507202507
040805019509202507
040805020901202507
040805020907202507
040805020909202507
040805021701202507
040805021707202507
040805021709202507
040805022501202507
040805022507202507
040805022509202507
040805023301202507
040805023307202507
040805024101202507
040805024107202507
040805024109202507
040805025001202507
040805025007202507
040805025009202507
040805026801202507
040805026807202507
040805026809202507
040805027601202507
040805027607202507
040805027609202507
040805028401202507
040805028407202507
040805028409202507
040805029201202507
040805029207202507
040805029209202507
040805030601202507
040805030607202507
040805031401202507
040805031407202507
040805032201202507
040805032207202507
040805032209202507
040805033001202507
040805033007202507
040805034901202507
040805034907202507
040805034909202507
040805035701202507
040805035707202507
040805035709202507
040805036501202507
040805036507202507
040805037301202507
040805037307202507
040805037309202507
040805038101202507
040805038107202507
040805039001202507
040805039007202507
040805039009202507
040805040301202507
040805041101202507
040805041107202507
040805042001202507
040805042007202507
040805043801202507
040805043807202507
040805044601202507
040805044607202507
040805044609202507
040805045401202507
040805045407202507
040805046201202507
040805046207202507
040805047001202507
040805047007202507
040805048901202507
040805048907202507
040805049701202507
040805049707202507
040805050001202507
040805050007202507
040805051901202507
040805051907202507
040805052701202507
040805052707202507
040805053501202507
040805053507202507
040805054301202507
040805054307202507
040805055101202507
040805055107202507
040805056001202507
040805056007202507
040805057801202507
040805057807202507
040805058601202507
040805058607202507
040805059401202507
040805059407202507
040805060801202507
040805060807202507
040805061601202507
040805061607202507
040805062401202507
040805062407202507
040805063201202507
040805063207202507
040805064001202507
040805064007202507
040805064009202507
040805065901202507
040805065907202507
040805065909202507
040805066701202507
040805066709202507
040805067501202507
040805067507202507
040805068301202507
040805068307202507
040805069101202507
040805069107202507
040805069109202507
040805070501202507
040805070507202507
040805071301202507
040805071307202507
040805072101202507
040805072107202507
040805073001202507
040805073007202507
040805073009202507
040805074801202507
040805074807202507
040805074809202507
040805075601202507
040805075607202507
040805075609202507
040805076401202507
040805076407202507
040805076409202507
040805077201202507
040805077207202507
040805078001202507
040805078007202507
040805079901202507
040805079907202507
040805080201202507
040805080207202507
040805081001202507
040805081007202507
040805082901202507
040805082907202507
040805082909202507
040805083701202507
040805083707202507
040805084501202507
040805084507202507
040805085301202507
040805085307202507
040805086101202507
040805086107202507
040805087001202507
040805087007202507
040805088801202507
040805088807202507
040805088809202507
040805089601202507
040805089607202507
040805089609202507
040805090001202507
040805091801202507
040805091807202507
040805091809202507
040805092601202507
040805092607202507
040805092609202507
040806001801202507
040806001807202507
040806001809202507
040806002601202507
040806002607202507
040806003401202507
040806003407202507
040806004201202507
040806004207202507
040806004209202507
040806005001202507
040806005007202507
040806005009202507
040806006901202507
040806006907202507
040806007701202507
040806007707202507
040806008501202507
040806008507202507
040806008509202507
040806009301202507
040806009307202507
040806010701202507
040806010707202507
040806011501202507
040806011507202507
040806011509202507
040806012301202507
040806012307202507
040806012309202507
040806013101202507
040806013107202507
040806013109202507
040806014001202507
040806014007202507
040806014009202507
040806015801202507
040806015807202507
040806015809202507
040806016601202507
040806016607202507
040806017401202507
040806017407202507
040806018201202507
040806018207202507
040806019001202507
040806019007202507
040806020401202507
040806020407202507
040806020409202507
040806021201202507
040806021207202507
040806021209202507
040806023901202507
040806023907202507
040806024701202507
040806024707202507
040806025501202507
040806025507202507
040806026301202507
040806026307202507
040806027101202507
040806027107202507
040806028001202507
040806028007202507
040806029801202507
040806029807202507
040806029809202507
040806030101202507
040806030107202507
040806030109202507
040806031001202507
040806031007202507
040806031009202507
040806032801202507
040806032807202507
040806032809202507
040806033601202507
040806033607202507
040806033609202507
040806034401202507
040806034407202507
040806034409202507
040806035201202507
040806035207202507
040806035209202507
040806036001202507
040806036007202507
040806036009202507
040806037901202507
040806037907202507
040806037909202507
040806038701202507
040806038707202507
040806039501202507
040806039507202507
040806039509202507
040806040901202507
040806040907202507
040806040909202507
040806041701202507
040806041707202507
040806041709202507
040806042501202507
040806042507202507
040806042509202507
040806043301202507
040806043307202507
040806043309202507
040806044101202507
040806044107202507
040806044109202507
040806045001202507
040806045007202507
040806045009202507
040806046801202507
040806046807202507
040806046809202507
040806047601202507
040806047607202507
040806047609202507
040806048401202507
040806048407202507
040806048409202507
040806049201202507
040806049207202507
040806050601202507
040806050607202507
040806051401202507
040806051407202507
040806052201202507
040806052207202507
040806053001202507
040806053007202507
040806053009202507
040806054901202507
040806054907202507
040806054909202507
040806055701202507
040806055707202507
040806056501202507
040806056507202507
040806056509202507
040806057301202507
040806057307202507
040806057309202507
040806058101202507
040806058107202507
040806058109202507
040806059001202507
040806059007202507
040806060301202507
040806060307202507
040806060309202507
040806061101202507
040806062001202507
040806062007202507
040806063801202507
040806063807202507
040806063809202507
040806064601202507
040806064607202507
040806066201202507
040806066207202507
040806067001202507
040806067007202507
040806067009202507
040806069701202507
040806069707202507
040806070001202507
040806070007202507
040806070009202507
040901001401202507
040901001407202507
040901002201202507
040901002207202507
040901003001202507
040901003007202507
040901004901202507
040901004907202507
040901005701202507
040901005707202507
040901006501202507
040901006507202507
040901006509202507
040901007301202507
040901007307202507
040901008101202507
040901008107202507
040901009001202507
040901009007202507
040901009009202507
040901012001202507
040901012007202507
040901012009202507
040901013801202507
040901013807202507
040901014601202507
040901014607202507
040901014609202507
040901017001202507
040901017007202507
040901017009202507
040901018901202507
040901018907202507
040901019701202507
040901019707202507
040901020001202507
040901020007202507
040901021901202507
040901022701202507
040901022707202507
040901023501202507
040901023507202507
040901024301202507
040901024307202507
040901025101202507
040901025107202507
040901026001202507
040901026007202507
040901028601202507
040901028607202507
040901029401202507
040901029407202507
040901030801202507
040901030807202507
040901031601202507
040901031607202507
040901032401202507
040901032407202507
040901033201202507
040901033207202507
040901034001202507
040901034007202507
040901036701202507
040901036707202507
040901037501202507
040901037507202507
040901037509202507
040901038301202507
040901038307202507
040901038309202507
040901039101202507
040901039107202507
040901039109202507
040901040501202507
040901040507202507
040901041301202507
040901041307202507
040901043001202507
040901043007202507
040901043009202507
040901045601202507
040901045607202507
040901046401202507
040901046407202507
040901047201202507
040901047207202507
040901048001202507
040901048007202507
040901048009202507
040901049901202507
040901050201202507
040901050207202507
040901051001202507
040901051007202507
040901051009202507
040901052901202507
040901052907202507
040901053701202507
040901053707202507
040901054501202507
040901054507202507
040901055301202507
040901055307202507
040901056101202507
040901056107202507
040901057001202507
040901057007202507
040901058801202507
040901058807202507
040901059601202507
040901059607202507
040901059609202507
040902001001202507
040902001007202507
040902001009202507
040902002801202507
040902002807202507
040902002809202507
040902004401202507
040902004407202507
040902004409202507
040902005201202507
040902005207202507
040902007901202507
040902007907202507
040902007909202507
040902008701202507
040902008707202507
040902008709202507
040902009501202507
040902009507202507
040902009509202507
040902010901202507
040902010907202507
040902010909202507
040902012501202507
040902012507202507
040902012509202507
040902013301202507
040902013307202507
040902013309202507
040902014101202507
040902014107202507
040902014109202507
040902015001202507
040902015007202507
040902015009202507
040902016801202507
040902016807202507
040902016809202507
040902017601202507
040902017607202507
040902017609202507
040903001501202507
040903001509202507
040903002301202507
040903003101202507
040903004001202507
040904001001202507
040904001007202507
040904001009202507
040904003701202507
040904003707202507
040904003709202507
040904004501202507
040904004507202507
040904005301202507
040904005307202507
040904005309202507
040904007001202507
040904007007202507
040904007009202507
040904008801202507
040904008807202507
040904008809202507
040904009601202507
040904009607202507
040904009609202507
040904011801202507
040904011807202507
040904011809202507
040904012601202507
040904012607202507
040904012609202507
040904013401202507
040904013407202507
040904013409202507
040904014201202507
040904014209202507
040904015001202507
040904015007202507
040904015009202507
040904016901202507
040904016907202507
040904016909202507
040904017701202507
040904017707202507
040904017709202507
040904018501202507
040904018507202507
040904018509202507
040904019301202507
040904019307202507
040904019309202507
040904020701202507
040904020707202507
040904020709202507
040904021501202507
040904021507202507
040904021509202507
040904022301202507
040904022309202507
040904023101202507
040904023107202507
040904023109202507
040904024001202507
040904024009202507
040905001601202507
040905001607202507
040905002401202507
040905002407202507
040905002409202507
040905003201202507
040905003209202507
040905004001202507
040905004007202507
040905004009202507
040905007501202507
040905007507202507
040905007509202507
040905008301202507
040905008307202507
040905008309202507
040905009101202507
040905009107202507
040905009109202507
040905010501202507
040905010507202507
040905010509202507
040905011301202507
040905011307202507
040905011309202507
040905013001202507
040905014801202507
040905016401202507
040906001101202507
040906001102202507
040906001107202507
040906001109202507
040906002001202507
040906003801202507
040906003809202507
040906004601202507
040906004607202507
040906004609202507
040906005401202507
040906005402202507
040906005409202507
040906007001202507
040906007002202507
040906007009202507
040906010001202507
040906010007202507
040906011901202507
040906011907202507
040906012701202507
040906012707202507
040906013501202507
040906013507202507
040906014301202507
040906014307202507
040906015101202507
040906015107202507
040906016001202507
040906016007202507
040906017801202507
040906017807202507
040906017809202507
040906018601202507
040906018609202507
040906019401202507
040906019407202507
040906019409202507
040906020801202507
040906020807202507
040906020809202507
040906021601202507
040906021607202507
040906021609202507
040906022401202507
040906022407202507
040906022409202507
040906023201202507
040906023202202507
040906023207202507
040906023209202507
040906024001202507
040906024002202507
040906024007202507
040906024009202507
040906025901202507
040906025902202507
040906025907202507
040906025909202507
040906026701202507
040906026702202507
040906026707202507
040906026709202507
040906027501202507
040906027507202507
040906027509202507
040906028301202507
040906028307202507
040906029101202507
040906031301202507
040906031302202507
040907001701202507
040907001709202507
040907002501202507
040907002509202507
040907003301202507
040907003309202507
040907004101202507
040907004109202507
040907005001202507
040907006801202507
040907006809202507
040907007601202507
040907007609202507
040907008401202507
040907008409202507
040907009201202507
040907009207202507
040907009209202507
040907010601202507
040907010607202507
040907010609202507
040907011401202507
040907011407202507
040907013001202507
040907013007202507
040907013009202507
040907014901202507
040907014907202507
040907014909202507
040907015701202507
040907015707202507
040907015709202507
040907019001202507
040907019009202507
040907020301202507
040907021101202507
040907021107202507
040907022001202507
040907022007202507
040907022009202507
040907023801202507
040907023807202507
040907024601202507
040907024607202507
040907025401202507
040907025407202507
040907026201202507
040907026207202507
040907026209202507
040907027001202507
040907027009202507
040907028901202507
040907028907202507
040907028909202507
040907029701202507
040907030001202507
040907030009202507
040907031901202507
041001001401202507
041001001407202507
041001001409202507
041001005701202507
041001006501202507
041001006507202507
041001006509202507
041001007301202507
041001007307202507
041001007309202507
041001008101202507
041001008107202507
041001008109202507
041001009001202507
041001009009202507
041001011101202507
041001011107202507
041001011109202507
041001012001202507
041001012007202507
041001013801202507
041001014601202507
041001015401202507
041001016201202507
041001019701202507
041001020001202507
041001021901202507
041101001801202507
041101001802202507
041101001809202507
041101002601202507
041101002602202507
041101003401202507
041101003402202507
041101004201202507
041101004202202507
041101005001202507
041101005002202507
041101005009202507
041101007701202507
041101007702202507
041101007709202507
041101008501202507
041101008502202507
041102001301202507
041102001302202507
041102001309202507
041102002101202507
041102002102202507
041102002109202507
041102003001202507
041102003002202507
041102004801202507
041102004802202507
041201001101202507
041201001107202507
041201002001202507
041201002007202507
041201003801202507
041201003807202507
041201003809202507
041201004601202507
041201004607202507
041201004609202507
041201007001202507
041201007007202507
041201008901202507
041201008907202507
041201009701202507
041201009707202507
041201010001202507
041201010007202507
041201011901202507
041201011907202507
041201013501202507
041201013507202507
041201014301202507
041201014307202507
041202001701202507
041202001707202507
041202002501202507
041202002507202507
041202003301202507
041202003307202507
041202005001202507
041202005007202507
041202006801202507
041202006807202507
041202007601202507
041202007607202507
041202008401202507
041202008407202507
041203001201202507
041203001207202507
041203004701202507
041203004707202507
041203008001202507
041203008007202507
041203009801202507
041203009807202507
041203009809202507
041203010101202507
041203010107202507
041203011001202507
041203011007202507
041204001801202507
041204001807202507
041204001809202507
041204002601202507
041204002607202507
041204003401202507
041204003407202507
041204004201202507
041204004207202507
041204005001202507
041204005007202507
041204006901202507
041204006907202507
041204008501202507
041204008507202507
041204008509202507
041204010701202507
041204010707202507
041204011501202507
041204011507202507
041204012301202507
041204012307202507
041204013101202507
041204013107202507
041204015801202507
041204015807202507
041204016601202507
041204016607202507
041204017401202507
041204017407202507
041204018201202507
041204018207202507
041204019001202507
041204019007202507
041204020401202507
041204020407202507
041204021201202507
041204021207202507
041204022001202507
041204022007202507
041204022009202507
041205001301202507
041205001307202507
041205003001202507
041205003007202507
041205004801202507
041205004807202507
041205006401202507
041205006407202507
041205007201202507
041205007207202507
041205008001202507
041205008007202507
041205010201202507
041205010207202507
041205011001202507
041205011007202507
041205013701202507
041205013707202507
041205014501202507
041205014507202507
041205015301202507
041205015307202507
041205016101202507
041205016107202507
041301001501202507
041301001507202507
041301006601202507
041301008201202507
041301008207202507
041301009001202507
041301009007202507
041303001601202507
041303001607202507
041303001609202507
041303002401202507
041303002407202507
041303002409202507
041303003201202507
041303003209202507
041303005901202507
041303005907202507
041303005909202507
041303006701202507
041303006709202507
041303007501202507
041303007509202507
041303008301202507
041303008307202507
041303008309202507
041304002001202507
041304002007202507
041304003801202507
041304004601202507
041304005401202507
041304005409202507
041304006201202507
041304006209202507
041304007001202507
041304007009202507
041304008901202507
041304008909202507
041304009701202507
041304009707202507
041304010001202507
041304010007202507
041304011901202507
041304011907202507
041304011909202507
041304012701202507
041304012707202507
041304012709202507
041304013501202507
041304013507202507
041304013509202507
041304014301202507
041304014307202507
041304014309202507
041304015101202507
041304015107202507
041304015109202507
041304016001202507
041304016007202507
041304017801202507
041304017807202507
041304018601202507
041304018607202507
041304018609202507
041304019401202507
041304019407202507
041304019409202507
041304020801202507
041304020807202507
041304020809202507
041304021601202507
041304021607202507
041304021609202507
041304022401202507
041304022407202507
041304022409202507
041304023201202507
041304023207202507
041304023209202507
041304024001202507
041304024007202507
041304025901202507
041304025909202507
041304026701202507
041401002701202507
041401003501202507
041401025601202507
041401025607202507
041401025609202507
041401027201202507
041401027207202507
041401027209202507
041401032901202507
041401032907202507
041401032909202507
041401034501202507
041401034507202507
041401034509202507
041402002201202507
041402002203202507
041402002207202507
041402002209202507
041402003001202507
041402003003202507
041402003007202507
041402003009202507
041402004901202507
041402004903202507
041402004907202507
041402004909202507
041402005701202507
041402005703202507
041402005707202507
041402005709202507
041402006501202507
041402006503202507
041402006507202507
041402006509202507
041402007301202507
041402007303202507
041402007307202507
041402007309202507
041402008101202507
041402008103202507
041402008107202507
041402008109202507
041402009001202507
041402009003202507
041402009007202507
041402009009202507
041402014601202507
041402014603202507
041402014607202507
041402014609202507
041402015401202507
041402015403202507
041402015407202507
041402015409202507
041402016201202507
041402016203202507
041402016207202507
041402016209202507
041402020001202507
041402020003202507
041402020007202507
041402020009202507
041402021901202507
041402021903202507
041402021907202507
041402021909202507
041402024301202507
041402024303202507
041402024307202507
041402024309202507
041402027801202507
041402027803202507
041402027807202507
041402027809202507
041402029401202507
041402029403202507
041402029407202507
041402029409202507
041402036701202507
041402036703202507
041402036707202507
041402036709202507
041402037501202507
041402037503202507
041402037507202507
041402037509202507
041402041301202507
041402041303202507
041402041307202507
041402041309202507
041501001201202507
041501001207202507
041502001801202507
041502003401202507
041502003407202507
041502004201202507
041502004207202507
041502005001202507
041502005007202507
041502006901202507
041502006907202507
041502007701202507
041502007707202507
041502008501202507
041503001301202507
041503001307202507
041504002701202507
041504002707202507
041504003501202507
041504003507202507
041601001601202507
041601001607202507
041601002401202507
041601002407202507
041601004001202507
041601004007202507
041601007501202507
041601007507202507
041601009101202507
041601009107202507
041601011301202507
041601011307202507
041601011309202507
041601012101202507
041601013001202507
041601016401202507
041601016407202507
041601017201202507
041601017207202507
041601017209202507
041601018001202507
041601018007202507
041601019901202507
041601019907202507
041601020201202507
041601020207202507
041601021001202507
041601021007202507
041601022901202507
041601022907202507
041602002001202507
041602002007202507
041602015101202507
041602015107202507
041602016001202507
041602016007202507
041602017801202507
041602017807202507
041602017809202507
041602018601202507
041602018607202507
041602018609202507
041602019401202507
041602019407202507
041602020801202507
041602020807202507
041602021601202507
041602021607202507
041602021609202507
041602022401202507
041602022407202507
041602023201202507
041602023207202507
041602024001202507
041602024007202507
041602024009202507
041602025901202507
041602025907202507
041603002501202507
041603002507202507
041603002509202507
041603003301202507
041603003307202507
041603003309202507
041603004101202507
041603004107202507
041603004109202507
041603006801202507
041603006807202507
041603007601202507
041603008401202507
041603008407202507
041603009201202507
041603009207202507
041603014901202507
041603014907202507
041603014909202507
041603015701202507
041603015707202507
041603015709202507
041603016501202507
041603016507202507
041603017301202507
041603017307202507
041603018101202507
041603018107202507
041603019001202507
041603020301202507
041603020307202507
041603021101202507
041603021107202507
041603022001202507
041603022007202507
041603023801202507
041603023807202507
041603024601202507
041603024607202507
041603025401202507
041603026201202507
041603027001202507
041603027007202507
041603028901202507
041603029701202507
041603030001202507
041603030007202507
041603031901202507
041603031907202507
041603032701202507
041603032707202507
041603032709202507
041603033501202507
041603033507202507
041603033509202507
041603034301202507
041603034307202507
041603035101202507
041603035107202507
041603035109202507
041603036001202507
041603036007202507
041604001201202507
041604001207202507
041604002001202507
041604002007202507
041604003901202507
041604003907202507
041604004701202507
041604004707202507
041604005501202507
041604005507202507
041604007101202507
041604007107202507
041604010101202507
041604010107202507
041604011001202507
041604011007202507
041604012801202507
041604012807202507
041604014401202507
041604014407202507
041604017901202507
041604017909202507
041604018701202507
041604018709202507
041604019501202507
041604019509202507
041604020901202507
041604020907202507
041604021701202507
041604021707202507
041604022501202507
041604022507202507
041604023301202507
041604023307202507
041604024101202507
041604024107202507
041604025001202507
041604025007202507
041604026801202507
041604026807202507
041604027601202507
041604027607202507
041604028401202507
041604029201202507
041604030601202507
041604031401202507
041604031407202507
041604032201202507
041604032207202507
041604033001202507
041604033007202507
041604034901202507
041604034907202507
041605001801202507
041605001807202507
041605002601202507
041605002607202507
041605003401202507
041605003407202507
041605005001202507
041605005007202507
041605007701202507
041605007707202507
041605009301202507
041605009307202507
041605010701202507
041605010707202507
041605011501202507
041605011507202507
041605012301202507
041605012307202507
041606001301202507
041606001307202507
041606001309202507
041606002101202507
041606002107202507
041606003001202507
041606003007202507
041606005601202507
041606005607202507
041606006401202507
041606006407202507
041606008001202507
041606008007202507
041606009901202507
041606009907202507
041606010201202507
041606010207202507
041606011001202507
041606011007202507
041606012901202507
041606012907202507
041606013701202507
041606013707202507
041608001401202507
041608001407202507
041608001409202507
041608003001202507
041608003007202507
041608003009202507
041608008101202507
041608008107202507
041608009001202507
041608009007202507
041608011101202507
041608011107202507
041608012001202507
041608012007202507
041608012009202507
041609001001202507
041609001007202507
041609002801202507
041609002807202507
041609003601202507
041609003607202507
041609007901202507
041609007907202507
041609010901202507
041609010907202507
041609011701202507
041609011707202507
041609012501202507
041609012507202507
041609013301202507
041609013307202507
041611001001202507
041611001007202507
041611002901202507
041611002907202507
041611003701202507
041611003707202507
041611004501202507
041611004507202507
041611005301202507
041611005307202507
041611006101202507
041611006107202507
041611007001202507
041611007007202507
041611008801202507
041611008807202507
041612002401202507
041612003201202507
041612004001202507
041612004009202507
041612005901202507
041612005909202507
050103006901202507
050103006903202507
050103006907202507
050201001074202507
050201001075202507
050201001076202507
050201001077202507
050201001078202507
050201001079202507
050201002977202507
050201002978202507
050201002979202507
050201002980202507
050201002981202507
050201002982202507
050301001401202507
050301001403202507
050301001474202507
050301001475202507
050301001476202507
050301001477202507
050301001478202507
050301001479202507
050301001480202507
050301001481202507
050301001482202507
050301002201202507
050301002274202507
050301002275202507
050301002276202507
050301002277202507
050301002278202507
050301002279202507
050301002280202507
050301002281202507
050301002282202507
050302001001202507
050302002801202507
050303001574202507
050303001575202507
050303001576202507
050303001577202507
050303001578202507
050303001579202507
050303001580202507
050303001581202507
050303001582202507
050303002301202507
050303002374202507
050303002375202507
050303002376202507
050303002377202507
050303002378202507
050303002379202507
050303002380202507
050303002381202507
050303002382202507
050303003101202507
050303003174202507
050303003175202507
050303003176202507
050303003177202507
050303003178202507
050303003179202507
050303003180202507
050303003181202507
050303003182202507
050303004001202507
050303004074202507
050303004075202507
050303004076202507
050303004077202507
050303004078202507
050303004080202507
050303004081202507
050303004082202507
050303005801202507
050303005874202507
050303005875202507
050303005876202507
050303005877202507
050303005878202507
050303005879202507
050303005880202507
050303005881202507
050303005882202507
050303006601202507
050303006674202507
050303006675202507
050303006676202507
050303006677202507
050303006678202507
050303006679202507
050303006680202507
050303006681202507
050303006682202507
050303007401202507
050303007474202507
050303007475202507
050303007476202507
050303007477202507
050303007478202507
050303007479202507
050303007480202507
050303007481202507
050303007482202507
050303008201202507
050303008274202507
050303008275202507
050303008276202507
050303008277202507
050303008278202507
050303008279202507
050303008280202507
050303008281202507
050303008282202507
050303009001202507
050303009074202507
050303009075202507
050303009076202507
050303009077202507
050303009078202507
050303009079202507
050303009080202507
050303009081202507
050303009082202507
050303010401202507
050303010474202507
050303010475202507
050303010476202507
050303010477202507
050303010478202507
050303010479202507
050303010480202507
050303010481202507
050303010482202507
050304004574202507
050304004575202507
050304004576202507
050304004577202507
050304004578202507
050304004579202507
050304004580202507
050304004581202507
050304004582202507
050501001103202507
050501001107202507
050501002003202507
050501002007202507
050501003803202507
050501003807202507
050501004603202507
050501004607202507
050501005403202507
050501005407202507
050501006203202507
050501006207202507
050501007003202507
050501007007202507
050501008903202507
050501008907202507
050501009701202507
050501009707202507
050501009709202507
050501012701202507
050501012707202507
050501012709202507
050501013501202507
050501013507202507
050501013509202507
050502004101202507
050502004107202507
050502005001202507
050502005007202507
050502006801202507
050502007601202507
050502008401202507
050502009201202507
050502010601202507
050502012201202507
050502014901202507
050602001012202507
050602002912202507
050602003712202507
050602004503202507
050602004507202507
050602004509202507
050602004512202507
050602005301202507
050602005303202507
050602005307202507
050602006101202507
050602006103202507
050602006107202507
050602007001202507
050602007003202507
050602007007202507
050602009601202507
050602009603202507
050602009607202507
050602010001202507
050602010003202507
050602010007202507
050602011801202507
050602011803202507
050602011807202507
050602013401202507
050602013403202507
050602013407202507
070209005001202507
070209005007202507
070209006901202507
070209006907202507
080201006765202507
080201007579202507
080201008375202507
080201009176202507
080201010574202507
080201011383202507
080201012181202507
080201013082202507
080201014877202507
080201015678202507
080201016480202507
080201021085202507
080201022986202507
080201023792202507
080201024593202507
080201025387202507
080201026187202507
080201027087202507
080201032696202507
