01010200580001
01010200660001
01010200740001
01010200820001
01010200900001
02010101600012
02010103480001
02010104100012
02010105690012
02010105850012
02010106070012
02010106660012
02020102790012
02020102870012
02020102950012
02020103170012
02020104730012
02020105030012
02020106000012
02020106350012
02020106430012
02020106510012
02020106780012
02020106940012
02020107910012
02020203800012
02020500760008
02030100430012
02030200220012
02030200300012
02030200650012
02030200810012
02040200340012
02040200420012
02040200770012
02040200850012
02040200930012
02040201070012
02040201310012
02040300300012
02040301530012
02040400350012
02040400780012
02040400940012
02040401160012
02040401240012
02040600600012
02040600950012
02040601090012
02040601250012
02040601330012
02040601410012
02040601500012
02040601760012
02050100160012
02050100320004
02050100320012
02050100400004
02050200460004
02050200620012
02050200890012
02050200970012
02050201190012
02050201600012
02050201860012
02060100100012
02060100280012
02060100360012
02060200150012
02060200230012
02060300290012
02060300370012
02070100300012
02070100480012
02070100560012
02070200270012
02070300220012
02070300300012
02080100250012
02080100330012
02090100290012
02090100370012
02090100370004
02090300110012
02090400250012
02090400410012
02110200360012
02110200440012
02110200600012
02110400290012
02110501130012
02110600200012
02110600380012
02110601000012
02110601270012
02110601780012
02110602240012
02110602320012
02110602590012
02110700410012
02110702030012
02110702620012
02110800550004
03010100720012
03010103070012
03011300510009
03011300600009
03070100150001
03070100310001
03070100580001
03070200370001
03070200450001
03070200530001
03070200610001
03070200700001
03070200880001
03070200960001
03070201000001
03070201180001
03070300240001
03070300320001
03070300400001
03070300590001
03070401350001
03070401430001
03070401510001
03070401600001
04010100820001
04040204450001
04040204880001
04040205770001
04040206150001
04040206230001
04040206310001
04040206740001
04090600890012
04090603050012
04140103450001
04140103610001
04140103880001
04140200220001
04140200300001
04140200490001
04140200570001
04140200650001
04140200730001
04140200810001
04140200900001
04140201200001
04140201380001
04140201460001
04140201540001
04140201620001
04140201700001
04140202000001
04140202190001
04140202430001
04140202780001
04140202940001
04140203590001
04140203670001
04140203750001
04140203830001
04140204050001
04150200500003
04150200690006
04150200770007
04170100600012
08040200270012
09010100140009
09010100140011
09010100490011
09010100490009
09010100570009
09010100570011
09010100730011
09010100730009
09010100810009
09010100810011
09010100900009
09010100900011
09010101030011
09010101030009
09010101110009
09010101110011
09010101200009
09010101200011
09020100180009
09020100180011
09020100260011
09020100260009
09020100340011
09020100340009
09020100420011
09020100420009
09020100500011
09020100500009
09020100690009
09020100690011
09030100110009
09030100110011
09030100200009
09030100200011
09030100380011
09030100380009
09030100460009
09030100460011
09040100150011
09040100150009
09040100230009
09040100230011
09040100310011
09040100310009
09050100190009
09050100190011
09050100270011
09050100270009
09050100350009
09050100350011
09050100430011
09050100430009
09050100510009
09050100510011
09050100600009
09050100600011
09050100780009
09050100780011
09060100120011
09060100120009
09060100200009
09060100200011
09060100390009
09060100390011
09060100470009
09060100470011
09060100550009
09060100550011
